45 45 999999474 187
172 770 127 321 2616 499 5851 4338 1129 377 106 1365 1195 703 1332 3066 645 1950 12782 3900 376 11640 220 2574 8777 3059 3059 18567 748 24887 20621 1002 361 11 5345 34362 11404 16476 2218 20221 4008 5087 1022 21615 41579
1 2 4
2 3 2
3 4 3
4 5 5
5 6 5
6 7 5
7 8 3
8 9 1
9 10 2
10 11 5
11 12 3
12 13 1
13 14 4
14 15 4
15 16 4
16 17 5
17 18 1
18 19 3
19 20 2
20 21 4
21 22 4
22 23 2
23 24 3
24 25 4
25 26 1
26 27 2
27 28 1
28 29 3
29 30 5
30 31 4
31 32 3
32 33 3
33 34 3
34 35 3
35 36 1
36 37 4
37 38 5
38 39 2
39 40 3
40 41 3
41 42 1
42 43 4
43 44 2
44 45 5
45 1 1
619100979 35 60360
631844730 25 53031
127014417 31 971967348
7245138 1 52501
854104780 16 987605007
859199250 15 20055
44759629 6 1000000000
564214856 20 72760
822356838 19 29169
442915914 17 54053
554952040 12 418
965558540 12 96838
4630001 37 21588
960886639 20 224261287
2691643 19 88919559
619542516 11 1786
68942920 39 46684
737877564 15 64242
906456493 25 85468
17710571 36 18697
313793356 11 93647
671013675 1 23483
183789440 34 39558
336439097 9 16073
882628821 31 87410
969722054 39 53783
803914881 4 36298
969744674 34 4686
183739009 21 68745
434425057 28 625635291
559884791 19 77518
261348086 16 45230
980424454 22 28442
957491849 29 36956
742310723 24 63574
762634817 1 456480989
60419796 45 65898
894273790 9 87566
649230962 28 259066022
407171470 39 44848
27693547 36 39773
397870142 18 22952
343753392 18 415451173
939655331 30 77821
776463670 6 11801
570781391 34 24253
463844354 31 83767
14603197 37 27064
24302338 25 742388387
255690465 41 81475
699799936 14 81602
74244647 28 75095
755280036 21 816406303
211433522 2 144115343
158995227 9 66185
57673010 37 900017550
859656761 25 23411
628917258 3 99158
104256783 4 3155
18622922 44 32978
34681673 44 6051
9677663 18 91277
36167543 45 80099
786951009 2 586931289
786806851 24 40874549
223540171 35 44585
697032419 23 75776
33714366 16 86807
902893671 11 737071982
783128125 9 684353695
372057007 24 14
573923791 27 27361
700148949 28 20946
28886118 19 90883
717529894 31 86770
554597797 31 66829
838115245 7 66983
576652412 2 37580
46727464 38 30065
82868276 21 324881776
55855060 7 652396850
473382242 24 18541
914898256 30 172176913
433865744 31 12925
21167723 44 14711
711686598 37 98300
578721267 3 74709
761510023 9 187732747
416843307 35 76892
969926769 34 75855
457491597 10 219952772
335230916 34 817552591
829137323 1 73606
759974397 42 59033
135147834 17 51682
225573697 13 44477
531793844 4 17977
760928733 22 53519
840995681 41 19540
106659696 2 849222890
62679443 11 8027
121540680 24 30504
482412553 24 51935
454775286 32 19595
424535427 24 482641105
68361952 37 37144
526047784 40 62920
495556093 37 12343
198087936 18 2975
695832538 24 47796
919209018 32 74036
807912408 21 34208
912376880 10 40491
538011873 11 56432
613390710 10 1705
221434101 30 29853
204009623 40 20057
827904071 32 653577058
346731926 26 222538890
60863220 44 2850
849966909 31 49039
970875061 31 94240
545551132 34 58910
481631845 45 37413
673729996 44 25106
684219832 19 92381
360652074 36 31561
128133566 39 42330
3455285 38 34438
800882584 6 26639
610002779 42 41520
34986765 9 37718
547169012 22 66161
422760334 35 11947
964268705 40 11960
27850854 40 20911
914248951 41 67717784
468487916 43 81094
22249652 5 86151
18612301 6 80953
752774719 17 40767
503359897 41 41492
566149971 6 4160
519514539 12 73
204048239 40 11436
770047771 35 30924
641938683 10 53450
429148188 31 43285
502494165 33 284757988
29156821 12 80034
595590598 6 54568
947994691 20 345670674
475083369 36 33675
920236704 4 59018
228445683 3 77281
303973645 15 238719571
260221324 7 94503
443650637 19 10746
704068335 31 59033
489887446 33 56856975
778991902 43 34172
465724067 14 34183
366424137 10 55606
495651643 13 65115
433302775 8 58320
151695669 20 79014
650962279 9 77563
815793810 18 21611
451075689 2 95688
379115423 11 43852
595550315 34 54735886
456551436 13 22836
355334184 3 79784
170375696 11 7022
696179322 33 901159733
89980347 9 27852
703168930 37 37974
258335099 7 12257
61495095 41 87860
544482901 24 478810759
226493538 39 87863
236959573 30 19290
69833595 9 53680
857383658 40 981066650
343449448 12 90159
117923549 13 73197
2859345 19 38126
